00000000
00000001
00000100
00001001
00010000
00011001
00100100
00110001
01000000
01010001
01100100
01111001
10010000
10101001
11000100
00000011
00000100
00000111
00001100
00010011
00011100
00100111
00110100
01000011
01010100
01100111
01111100
10010011
10101100
11000111
00000101
00000110
00001001
00001110
00010101
00011110
00101001
00110110
01000101
01010110
01101001
01111110
10010101
10101110
11001001
00000110
00000111
00001010
00001111
00010110
00011111
00101010
00110111
01000110
01010111
01101010
01111111
10010110
10101111
11001010
00000111
00001000
00001011
00010000
00010111
00100000
00101011
00111000
01000111
01011000
01101011
10000000
10010111
10110000
11001011
00001000
00001001
00001100
00010001
00011000
00100001
00101100
00111001
01001000
01011001
01101100
10000001
10011000
10110001
11001100
00001001
00001010
00001101
00010010
00011001
00100010
00101101
00111010
01001001
01011010
01101101
10000010
10011001
10110010
11001101
00001010
00001011
00001110
00010011
00011010
00100011
00101110
00111011
01001010
01011011
01101110
10000011
10011010
10110011
11001110
00001010
00001011
00001110
00010011
00011010
00100011
00101110
00111011
01001010
01011011
01101110
10000011
10011010
10110011
11001110
00001011
00001100
00001111
00010100
00011011
00100100
00101111
00111100
01001011
01011100
01101111
10000100
10011011
10110100
11001111
00001100
00001101
00010000
00010101
00011100
00100101
00110000
00111101
01001100
01011101
01110000
10000101
10011100
10110101
11010000
00001100
00001101
00010000
00010101
00011100
00100101
00110000
00111101
01001100
01011101
01110000
10000101
10011100
10110101
11010000
00001101
00001110
00010001
00010110
00011101
00100110
00110001
00111110
01001101
01011110
01110001
10000110
10011101
10110110
11010001
00001101
00001110
00010001
00010110
00011101
00100110
00110001
00111110
01001101
01011110
01110001
10000110
10011101
10110110
11010001
00001110
00001111
00010010
00010111
00011110
00100111
00110010
00111111
01001110
01011111
01110010
10000111
10011110
10110111
11010010