110001001100011111001001110010101100101111001100110011011100111011001110110011111101000011010000110100011101000111010010
101010011010110010101110101011111011000010110001101100101011001110110011101101001011010110110101101101101011011010110111
100100001001001110010101100101101001011110011000100110011001101010011010100110111001110010011100100111011001110110011110
011110010111110001111110011111111000000010000001100000101000001110000011100001001000010110000101100001101000011010000111
011001000110011101101001011010100110101101101100011011010110111001101110011011110111000001110000011100010111000101110010
010100010101010001010110010101110101100001011001010110100101101101011011010111000101110101011101010111100101111001011111
010000000100001101000101010001100100011101001000010010010100101001001010010010110100110001001100010011010100110101001110
001100010011010000110110001101110011100000111001001110100011101100111011001111000011110100111101001111100011111000111111
001001000010011100101001001010100010101100101100001011010010111000101110001011110011000000110000001100010011000100110010
000110010001110000011110000111110010000000100001001000100010001100100011001001000010010100100101001001100010011000100111
000100000001001100010101000101100001011100011000000110010001101000011010000110110001110000011100000111010001110100011110
000010010000110000001110000011110001000000010001000100100001001100010011000101000001010100010101000101100001011000010111
000001000000011100001001000010100000101100001100000011010000111000001110000011110001000000010000000100010001000100010010
000000010000010000000110000001110000100000001001000010100000101100001011000011000000110100001101000011100000111000001111
000000000000001100000101000001100000011100001000000010010000101000001010000010110000110000001100000011010000110100001110
