011111111000100010010001100110101010001110101100101101011011111011000111110100001101100111100010111010111111010011111110
011111101000011110010000100110011010001010101011101101001011111011000111110100001101100111100010111010111111010011111101
011111101000011110010000100110011010001010101011101101001011110111000110110011111101100011100001111010101111001111111101
011111011000011010001111100110001010000110101010101100111011110111000110110011111101100011100001111010101111001111111100
011111011000011010001111100110001010000110101010101100111011110011000101110011101101011111100000111010011111001011111100
011111001000010110001110100101111010000010101001101100101011110011000101110011101101011111100000111010011111001011111011
011111001000010110001110100101111010000010101001101100101011101111000100110011011101011011011111111010001111000111111011
011110111000010010001101100101101001111110101000101100011011101111000100110011011101011011011111111010001111000111111010
011110111000010010001101100101101001111110101000101100011011101011000011110011001101010111011110111001111111000011111010
011110101000001110001100100101011001111010100111101100001011101011000011110011001101010111011110111001111111000011111001
011110101000001110001100100101011001111010100111101100001011100111000010110010111101010011011101111001101110111111111001
011110011000001010001011100101001001110110100110101011111011100111000010110010111101010011011101111001101110111111111000
011110011000001010001011100101001001110110100110101011111011100011000001110010101101001111011100111001011110111011111000
011110001000000110001010100100111001110010100101101011101011100011000001110010101101001111011100111001011110111011110111
011110001000000110001010100100111001110010100101101011101011011111000000110010011101001011011011111001001110110111110111
011101111000000010001001100100101001101110100100101011011011011111000000110010011101001011011011111001001110110111110110
011101111000000010001001100100101001101110100100101011011011011010111111110010001101000111011010111000111110110011110110
011101100111111110001000100100011001101010100011101011001011011010111111110010001101000111011010111000111110110011110101
011101100111111110001000100100011001101010100011101011001011010110111110110001111101000011011001111000101110101111110101
011101010111111010000111100100001001100110100010101010111011010110111110110001111101000011011001111000101110101111110100
011101010111111010000111100100001001100110100010101010111011010010111101110001101100111111011000111000011110101011110100
011101000111110110000110100011111001100010100001101010101011010010111101110001101100111111011000111000011110101011110011
011101000111110110000110100011111001100010100001101010101011001110111100110001011100111011010111111000001110100111110011
011100110111110010000101100011101001011110100000101010011011001110111100110001011100111011010111111000001110100111110010
011100110111110010000101100011101001011110100000101010011011001010111011110001001100110111010110110111111110100011110010
011100100111101110000100100011011001011010011111101010001011001010111011110001001100110111010110110111111110100011110001
011100100111101110000100100011011001011010011111101010001011000110111010110000111100110011010101110111101110011111110001
011100010111101010000011100011001001010110011110101001111011000110111010110000111100110011010101110111101110011111110000
011100010111101010000011100011001001010110011110101001111011000010111001110000101100101111010100110111011110011011110000
011100000111100110000010100010111001010010011101101001101011000010111001110000101100101111010100110111011110011011101111
011100000111100110000010100010111001010010011101101001101010111110111000110000011100101011010011110111001110010111101111
011011110111100010000001100010101001001110011100101001011010111110111000110000011100101011010011110111001110010111101110
011011110111100010000001100010101001001110011100101001011010111010110111110000001100100111010010110110111110010011101110
011011100111011110000000100010011001001010011011101001001010111010110111110000001100100111010010110110111110010011101101
011011100111011110000000100010011001001010011011101001001010110110110110101111111100100011010001110110101110001111101101
011011010111011001111111100010001001000110011010101000111010110110110110101111111100100011010001110110101110001111101100
011011010111011001111111100010001001000110011010101000111010110010110101101111101100011111010000110110011110001011101100
011011000111010101111110100001111001000010011001101000111010110010110101101111101100011111010000110110011110001011101011
011011000111010101111110100001111001000010011001101000101010101110110100101111011100011011001111110110001110001011101011
011010110111010001111101100001101000111110011000101000101010101110110100101111011100011011001111110110001110000111101010
011010110111010001111101100001101000111110011000101000011010101010110011101111001100010111001110110101111110000111101010
011010100111001101111100100001011000111010010111101000011010101010110011101111001100010111001110110101111110000011101001
011010100111001101111100100001011000111010010111101000001010100110110010101110111100010011001101110101101110000011101001
011010010111001001111011100001001000110110010110101000001010100110110010101110111100010011001101110101101101111111101000
011010010111001001111011100001001000110110010110100111111010100010110001101110101100001111001100110101011101111111101000
011010000111000101111010100000111000110010010101100111111010100010110001101110101100001111001100110101011101111011100111
011010000111000101111010100000111000110010010101100111101010011110110000101110011100001011001011110101001101111011100111
011001110111000001111001100000101000101110010100100111101010011110110000101110011100001011001011110101001101110111100110
011001110111000001111001100000101000101110010100100111011010011010101111101110001100000111001010110100111101110111100110
011001100110111101111000100000011000101010010011100111011010011010101111101110001100000111001010110100111101110011100101
011001100110111101111000100000011000101010010011100111001010010110101110101101111100000011001001110100101101110011100101
011001010110111001110111100000001000100110010010100111001010010110101110101101111100000011001001110100101101101111100100
011001010110111001110111100000001000100110010010100110111010010010101101101101101011111111001000110100011101101111100100
011001000110110101110110011111111000100010010001100110111010010010101101101101101011111111001000110100011101101011100011
011001000110110101110110011111111000100010010001100110101010001110101100101101011011111011000111110100001101101011100011
011000110110110001110101011111101000011110010000100110101010001110101100101101011011111011000111110100001101100111100010
011000110110110001110101011111101000011110010000100110011010001010101011101101001011110111000110110011111101100111100010
011000100110101101110100011111011000011010001111100110011010001010101011101101001011110111000110110011111101100011100001
011000100110101101110100011111011000011010001111100110001010000110101010101100111011110011000101110011101101100011100001
011000010110101001110011011111001000010110001110100110001010000110101010101100111011110011000101110011101101011111100000
011000010110101001110011011111001000010110001110100101111010000010101001101100101011101111000100110011011101011111100000
011000000110100101110010011110111000010010001101100101111010000010101001101100101011101111000100110011011101011011011111
011000000110100101110010011110111000010010001101100101101001111110101000101100011011101011000011110011001101011011011111
010111110110100001110001011110101000001110001100100101101001111110101000101100011011101011000011110011001101010111011110
010111110110100001110001011110101000001110001100100101011001111010100111101100001011100111000010110010111101010111011110
010111100110011101110000011110011000001010001011100101011001111010100111101100001011100111000010110010111101010011011101
010111100110011101110000011110011000001010001011100101001001110110100110101011111011100011000001110010101101010011011101
010111010110011001101111011110001000000110001010100101001001110110100110101011111011100011000001110010101101001111011100
010111010110011001101111011110001000000110001010100100111001110010100101101011101011011111000000110010011101001111011100
010111000110010101101110011101111000000010001001100100111001110010100101101011101011011111000000110010011101001011011011
010111000110010101101110011101111000000010001001100100101001101110100100101011011011011010111111110010001101001011011011
010110110110010001101101011101100111111110001000100100101001101110100100101011011011011010111111110010001101000111011010
010110110110010001101101011101100111111110001000100100011001101010100011101011001011010110111110110001111101000111011010
010110100110001101101100011101010111111010001000100100011001101010100011101011001011010110111110110001111101000011011001
010110100110001101101100011101010111111010000111100100001001100110100010101010111011010010111101110001111101000011011001
010110010110001001101011011101000111110110000111100100001001100110100010101010111011010010111101110001101100111111011000
010110010110001001101011011101000111110110000110100011111001100010100001101010101011001110111100110001101100111111011000
010110000110000101101010011100110111110010000110100011111001100010100001101010101011001110111100110001011100111011010111
010110000110000101101010011100110111110010000101100011101001011110100000101010011011001010111011110001011100111011010111
010101110110000001101001011100100111101110000101100011101001011110100000101010011011001010111011110001001100110111010110
010101110110000001101001011100100111101110000100100011011001011010011111101010001011000110111010110001001100110111010110
010101100101111101101000011100010111101010000100100011011001011010011111101010001011000110111010110000111100110011010101
010101100101111101101000011100010111101010000011100011001001010110011110101001111011000010111001110000111100110011010101
010101010101111001100111011100000111100110000011100011001001010110011110101001111011000010111001110000101100101111010100
010101010101111001100111011100000111100110000010100010111001010010011101101001101010111110111000110000101100101111010100
010101000101110101100110011011110111100010000010100010111001010010011101101001101010111110111000110000011100101011010011
010101000101110101100110011011110111100010000001100010101001001110011100101001011010111010110111110000011100101011010011
010100110101110001100101011011100111011110000001100010101001001110011100101001011010111010110111110000001100100111010010
010100110101110001100101011011100111011110000000100010011001001010011011101001001010110110110110110000001100100111010010
010100100101101101100100011011010111011010000000100010011001001010011011101001001010110110110110101111111100100011010001
010100100101101101100100011011010111011001111111100010001001000110011010101000111010110010110101101111111100100011010001
010100010101101001100011011011000111010101111111100010001001000110011010101000111010110010110101101111101100011111010000
010100010101101001100011011011000111010101111110100001111001000010011001101000101010101110110100101111101100011111010000
010100000101100101100010011010110111010001111110100001111001000010011001101000101010101110110100101111011100011011001111
010100000101100101100010011010110111010001111101100001101000111110011000101000011010101010110011101111011100011011001111
010011110101100001100001011010100111001101111101100001101000111110011000101000011010101010110011101111001100010111001110
010011110101100001100001011010100111001101111100100001011000111010010111101000001010100110110010101111001100010111001110
010011100101011101100000011010010111001001111100100001011000111010010111101000001010100110110010101110111100010011001101
010011100101011101100000011010010111001001111011100001001000110110010110100111111010100010110001101110111100010011001101
010011010101011001011111011010000111000101111011100001001000110110010110100111111010100010110001101110101100001111001100
010011010101011001011111011010000111000101111010100000111000110010010101100111101010011110110000101110101100001111001100
010011000101010101011110011001110111000001111010100000111000110010010101100111101010011110110000101110011100001011001011
010011000101010101011110011001110111000001111001100000101000101110010100100111011010011010101111101110011100001011001011
010010110101010001011101011001100110111101111001100000101000101110010100100111011010011010101111101110001100000111001010
010010110101010001011101011001100110111101111000100000011000101010010011100111001010010110101110101110001100000111001010
010010100101001101011100011001010110111001111000100000011000101010010011100111001010010110101110101101111100000011001001
010010100101001101011100011001010110111001110111100000001000100110010010100110111010010010101101101101111100000011001001
010010010101001001011011011001000110110101110111100000001000100110010010100110111010010010101101101101101011111111001000
010010010101001001011011011001000110110101110110011111111000100010010001100110101010001110101100101101101011111111001000
010010000101000101011010011000110110110001110110011111111000100010010001100110101010001110101100101101011011111011000111
010010000101000101011010011000110110110001110101011111101000011110010000100110011010001010101100101101011011111011000111
010001110101000001011001011000100110110001110101011111101000011110010000100110011010001010101011101101001011110111000110
010001110101000001011001011000100110101101110100011111011000011010001111100110001010000110101011101101001011110111000110
010001100100111101011000011000010110101101110100011111011000011010001111100110001010000110101010101100111011110011000101
010001100100111101011000011000010110101001110011011111001000010110001110100101111010000010101010101100111011110011000101
010001010100111001010111011000000110101001110011011111001000010110001110100101111010000010101001101100101011101111000100
010001010100111001010111011000000110100101110010011110111000010010001101100101101001111110101001101100101011101111000100
010001000100110101010110010111110110100101110010011110111000010010001101100101101001111110101000101100011011101011000011
010001000100110101010110010111110110100001110001011110101000001110001100100101011001111010101000101100011011101011000011
010000110100110001010101010111100110100001110001011110101000001110001100100101011001111010100111101100001011100111000010
010000110100110001010101010111100110011101110000011110011000001010001011100101001001110110100111101100001011100111000010
010000100100101101010100010111010110011101110000011110011000001010001011100101001001110110100110101011111011100011000001
010000100100101101010100010111010110011001101111011110001000000110001010100100111001110010100110101011111011100011000001
010000010100101001010011010111000110011001101111011110001000000110001010100100111001110010100101101011101011011111000000
010000010100101001010011010111000110010101101110011101111000000010001001100100101001101110100101101011101011011111000000
010000000100100101010010010110110110010101101110011101111000000010001001100100101001101110100100101011011011011010111111
010000000100100101010010010110110110010001101101011101100111111110001000100100011001101010100100101011011011011010111111
001111110100100001010001010110100110010001101101011101100111111110001000100100011001101010100011101011001011010110111110
001111110100100001010001010110100110001101101100011101010111111010000111100100001001100110100011101011001011010110111110
001111100100011101010000010110010110001101101100011101010111111010000111100100001001100110100010101010111011010010111101
001111100100011101010000010110010110001001101011011101000111110110000110100011111001100010100010101010111011010010111101
001111010100011001001111010110000110001001101011011101000111110110000110100011111001100010100001101010101011001110111100
001111010100011001001111010110000110000101101010011100110111110010000101100011101001011110100001101010101011001110111100
001111000100010101001110010101110110000101101010011100110111110010000101100011101001011110100000101010011011001010111011
001111000100010101001110010101110110000001101001011100100111101110000100100011011001011010100000101010011011001010111011
001110110100010001001101010101100110000001101001011100100111101110000100100011011001011010011111101010001011000110111010
001110110100010001001101010101100101111101101000011100010111101010000011100011001001010110011111101010001011000110111010
001110100100001101001100010101010101111101101000011100010111101010000011100011001001010110011110101001111011000010111001
001110100100001101001100010101010101111001100111011100000111100110000010100010111001010010011110101001111011000010111001
001110010100001001001011010101000101111001100111011100000111100110000010100010111001010010011101101001101010111110111000
001110010100001001001011010101000101110101100110011011110111100010000001100010101001001110011101101001101010111110111000
001110000100000101001010010100110101110101100110011011110111100010000001100010101001001110011100101001011010111010110111
001110000100000101001010010100110101110001100101011011100111011110000000100010011001001010011100101001011010111010110111
001101110100000001001001010100100101110001100101011011100111011110000000100010011001001010011011101001001010110110110110
001101110100000001001001010100100101101101100100011011010111011001111111100010001001000110011011101001001010110110110110
001101100011111101001000010100010101101101100100011011010111011001111111100010001001000110011010101000111010110010110101
001101100011111101001000010100010101101001100011011011000111010101111110100001111001000110011010101000111010110010110101
001101010011111001000111010100010101101001100011011011000111010101111110100001111001000010011001101000101010101110110100
001101010011111001000111010100000101100101100010011010110111010001111101100001101001000010011001101000101010101110110100
001101000011110101000110010100000101100101100010011010110111010001111101100001101000111110011000101000011010101010110011
001101000011110101000110010011110101100001100001011010100111001101111100100001011000111110011000101000011010101010110011
001100110011110001000101010011110101100001100001011010100111001101111100100001011000111010010111101000001010100110110010
001100110011110001000101010011100101011101100000011010010111001001111011100001001000111010010111101000001010100110110010
001100100011101101000100010011100101011101100000011010010111001001111011100001001000110110010110100111111010100010110001
001100100011101101000100010011010101011001011111011010000111000101111010100000111000110110010110100111111010100010110001
001100010011101001000011010011010101011001011111011010000111000101111010100000111000110010010101100111101010011110110000
001100010011101001000011010011000101010101011110011001110111000001111001100000101000110010010101100111101010011110110000
001100000011100101000010010011000101010101011110011001110111000001111001100000101000101110010100100111011010011010101111
001100000011100101000010010010110101010001011101011001100110111101111000100000011000101110010100100111011010011010101111
001011110011100001000001010010110101010001011101011001100110111101111000100000011000101010010011100111001010010110101110
001011110011100001000001010010100101001101011100011001010110111001110111100000001000101010010011100111001010010110101110
001011100011011101000000010010100101001101011100011001010110111001110111100000001000100110010010100110111010010010101101
001011100011011101000000010010010101001001011011011001000110110101110110011111111000100110010010100110111010010010101101
001011010011011000111111010010010101001001011011011001000110110101110110011111111000100010010001100110101010001110101100
001011010011011000111111010010000101000101011010011000110110110001110101011111101000100010010001100110101010001110101100
001011000011010100111110010010000101000101011010011000110110110001110101011111101000011110010000100110011010001010101011
001011000011010100111110010001110101000001011001011000100110101101110100011111011000011110010000100110011010001010101011
001010110011010000111101010001110101000001011001011000100110101101110100011111011000011010001111100110001010000110101010
001010110011010000111101010001100100111101011000011000010110101001110011011111001000011010001111100110001010000110101010
001010100011001100111100010001100100111101011000011000010110101001110011011111001000010110001110100101111010000010101001
001010100011001100111100010001010100111001010111011000000110100101110010011110111000010110001110100101111010000010101001
001010010011001000111011010001010100111001010111011000000110100101110010011110111000010010001101100101101001111110101000
001010010011001000111011010001000100110101010110010111110110100001110001011110101000010010001101100101101001111110101000
001010000011000100111010010001000100110101010110010111110110100001110001011110101000001110001100100101011001111010100111
001010000011000100111010010000110100110001010101010111100110011101110000011110011000001110001100100101011001111010100111
001001110011000000111001010000110100110001010101010111100110011101110000011110011000001010001011100101001001110110100110
001001110011000000111001010000100100101101010100010111010110011001101111011110001000001010001011100101001001110110100110
001001100010111100111000010000100100101101010100010111010110011001101111011110001000000110001010100100111001110010100101
001001100010111100111000010000010100101001010011010111000110010101101110011101111000000110001010100100111001110010100101
001001010010111000110111010000010100101001010011010111000110010101101110011101111000000010001001100100101001101110100100
001001010010111000110111010000000100100101010010010110110110010001101101011101101000000010001001100100101001101110100100
001001000010110100110110010000000100100101010010010110110110010001101101011101100111111110001000100100011001101010100011
001001000010110100110110001111110100100001010001010110100110001101101100011101010111111110001000100100011001101010100011
001000110010110000110110001111110100100001010001010110100110001101101100011101010111111010000111100100001001100110100010
001000110010110000110101001111100100011101010000010110010110001001101011011101010111111010000111100100001001100110100010
001000100010101100110101001111100100011101010000010110010110001001101011011101000111110110000110100011111001100010100001
001000100010101100110100001111010100011001001111010110000110000101101010011101000111110110000110100011111001100010100001
001000010010101000110100001111010100011001001111010110000110000101101010011100110111110010000101100011101001011110100000
001000010010101000110011001111000100010101001110010101110110000001101001011100110111110010000101100011101001011110100000
001000000010100100110011001111000100010101001110010101110110000001101001011100100111101110000100100011011001011010011111
001000000010100100110010001110110100010001001101010101100101111101101000011100100111101110000100100011011001011010011111
000111110010100000110010001110110100010001001101010101100101111101101000011100010111101010000011100011001001010110011110
000111110010100000110001001110100100001101001100010101010101111001100111011100010111101010000011100011001001010110011110
000111100010011100110001001110100100001101001100010101010101111001100111011100000111100110000010100010111001010010011101
000111100010011100110000001110010100001001001011010101000101110101100110011100000111100110000010100010111001010010011101
000111010010011000110000001110010100001001001011010101000101110101100110011011110111100010000001100010101001001110011100
000111010010011000101111001110000100000101001010010100110101110001100101011011110111100010000001100010101001001110011100
000111000010010100101111001110000100000101001010010100110101110001100101011011100111011110000000100010011001001010011011
000111000010010100101110001101110100000001001001010100100101101101100100011011100111011110000000100010011001001010011011
000110110010010000101110001101110100000001001001010100100101101101100100011011010111011001111111100010001001000110011010
000110110010010000101101001101100011111101001000010100010101101001100011011011010111011001111111100010001001000110011010
000110100010001100101101001101100011111101001000010100010101101001100011011011000111010101111110100001111001000010011001
000110100010001100101100001101010011111001000111010100000101100101100010011011000111010101111110100001111001000010011001
000110010010001000101100001101010011111001000111010100000101100101100010011010110111010001111101100001101000111110011000
000110010010001000101011001101000011110101000110010011110101100001100001011010110111010001111101100001101000111110011000
000110000010000100101011001101000011110101000110010011110101100001100001011010100111001101111100100001011000111010010111
000110000010000100101010001100110011110001000101010011100101011101100000011010100111001101111100100001011000111010010111
000101110010000000101010001100110011110001000101010011100101011101100000011010010111001001111011100001001000110110010110
000101110010000000101001001100100011101101000100010011010101011001011111011010010111001001111011100001001000110110010110
000101100001111100101001001100100011101101000100010011010101011001011111011010000111000101111010100000111000110010010101
000101100001111100101000001100010011101001000011010011000101010101011110011010000111000101111010100000111000110010010101
000101010001111000101000001100010011101001000011010011000101010101011110011001110111000001111001100000101000101110010100
000101010001111000100111001100000011100101000010010010110101010001011101011001110111000001111001100000101000101110010100
000101000001110100100111001100000011100101000010010010110101010001011101011001100110111101111000100000011000101010010011
000101000001110100100110001011110011100001000001010010100101001101011100011001100110111101111000100000011000101010010011
000100110001110000100110001011110011100001000001010010100101001101011100011001010110111001110111100000001000100110010010
000100110001110000100101001011100011011101000000010010010101001001011011011001010110111001110111100000001000100110010010
000100100001101100100101001011100011011101000000010010010101001001011011011001000110110101110110011111111000100010010001
000100100001101100100100001011010011011000111111010010000101000101011010011001000110110101110110011111111000100010010001
000100010001101100100100001011010011011000111111010010000101000101011010011000110110110001110101011111101000011110010000
000100010001101000100011001011000011010100111110010001110101000001011010011000110110110001110101011111101000011110010000
000100000001101000100011001011000011010100111110010001110101000001011001011000100110101101110100011111011000011010001111
000100000001100100100010001010110011010000111101010001100100111101011001011000100110101101110100011111011000011010001111
000011110001100100100010001010110011010000111101010001100100111101011000011000010110101001110011011111001000010110001110
000011110001100000100001001010100011001100111100010001010100111001011000011000010110101001110011011111001000010110001110
000011100001100000100001001010100011001100111100010001010100111001010111011000000110100101110010011110111000010010001101
000011100001011100100000001010010011001000111011010001000100110101010111011000000110100101110010011110111000010010001101
000011010001011100100000001010010011001000111011010001000100110101010110010111110110100001110001011110101000001110001100
000011010001011000011111001010000011000100111010010000110100110001010110010111110110100001110001011110101000001110001100
000011000001011000011111001010000011000100111010010000110100110001010101010111100110011101110000011110011000001010001011
000011000001010100011110001001110011000000111001010000100100101101010101010111100110011101110000011110011000001010001011
000010110001010100011110001001110011000000111001010000100100101101010100010111010110011001101111011110001000000110001010
000010110001010000011101001001100010111100111000010000010100101001010100010111010110011001101111011110001000000110001010
000010100001010000011101001001100010111100111000010000010100101001010011010111000110010101101110011101111000000010001001
000010100001001100011100001001010010111000110111010000000100100101010011010111000110010101101110011101111000000010001001
000010010001001100011100001001010010111000110111010000000100100101010010010110110110010001101101011101100111111110001000
000010010001001000011011001001000010110100110110001111110100100001010010010110110110010001101101011101100111111110001000
000010000001001000011011001001000010110100110110001111110100100001010001010110100110001101101100011101010111111010000111
000010000001000100011010001000110010110000110101001111100100011101010001010110100110001101101100011101010111111010000111
000001110001000100011010001000110010110000110101001111100100011101010000010110010110001001101011011101000111110110000110
000001110001000000011001001000100010101100110100001111010100011001010000010110010110001001101011011101000111110110000110
000001100001000000011001001000100010101100110100001111010100011001001111010110000110000101101010011100110111110010000101
000001100000111100011000001000010010101000110011001111000100010101001111010110000110000101101010011100110111110010000101
000001010000111100011000001000010010101000110011001111000100010101001110010101110110000001101001011100100111101110000100
000001010000111000010111001000000010100100110010001110110100010001001110010101110110000001101001011100100111101110000100
000001000000111000010111001000000010100100110010001110110100010001001101010101100101111101101000011100010111101010000011
000001000000110100010110000111110010100000110001001110100100001101001101010101100101111101101000011100010111101010000011
000000110000110100010110000111110010100000110001001110100100001101001100010101010101111001100111011100000111100110000010
000000110000110000010101000111100010011100110000001110010100001001001100010101010101111001100111011100000111100110000010
000000100000110000010101000111100010011100110000001110010100001001001011010101000101110101100110011011110111100010000001
000000100000101100010100000111010010011000101111001110000100000101001011010101000101110101100110011011110111100010000001
000000010000101100010100000111010010011000101111001110000100000101001010010100110101110001100101011011100111011110000000
000000010000101000010011000111000010010100101110001101110100000001001010010100110101110001100101011011100111011110000000
000000000000101000010011000111000010010100101110001101110100000001001001010100100101101101100100011011010111011001111111
000000000000100100010010000110110010010000101101001101100011111101001001010100100101101101100100011011010111011001111111
000000000000100100010010000110110010010000101101001101100011111101001000010100010101101001100011011011000111010101111111
